88.9284102336623 40.77779763070609 8.051421985645831 -4.387814440569329 -13.263446282212428 3.7261305162706435 28.52071997615505 -77.91626468667978 -52.042296409397636 27.459816403513997
-56.53033172484763 -13.15500466036292 36.95049776163168 -41.04445879953054 61.97482132500505 17.310706385964906 4.460645336320667 5.239214937752479 -24.80520648003734 40.36251593661916
-96.15796644988299 10.98247863256563 -21.193163025437926 15.178039191503117 -37.44801378711018 -40.75902691535145 -62.3472281621966 98.4825315409006 54.09061632620657 -52.23081004600074
27.68290364953792 -26.340425626069447 91.73795752163619 53.38881093135794 95.3955975835 -17.673442082022902 65.20697056275284 -37.62141575356124 70.57077309920092 -17.97310053080652
-4.079976117323071 -35.302183129151345 -75.70665202365873 90.37342308878115 5.712915542728922 -46.29379351273879 -60.57526393778516 -49.3456754132616 31.021213423343426 -42.663835817566365
81.26114308637338 -44.40743956937443 0.9090117286366279 -0.6392507962635534 -27.458362550853906 -14.825455305078037 65.17604482274945 12.684824786279052 -96.98380685972339 80.47754254778528
25.21668054044659 94.61045591207193 -0.3361619760341057 -53.145143861943865 -55.864188148493746 57.397974305045096 16.718939129876446 26.274629937138144 -30.74767022838192 93.07238577038532
-5.665201353644946 -97.22802195342895 -27.707862710989744 89.76339914642776 -35.8323283810071 -71.80664224544573 2.2005759378305783 -19.499731388219004 36.83333920176074 51.602375208427134
-82.47098215463997 -22.176073627326716 54.29297477571623 -4.30897790704708 31.6008057825118 89.37951067185261 -76.63430681161336 -98.55159157992124 -36.15722013380107 73.47165262146254
-19.912841314795045 -40.977368760944934 -31.468001778658845 70.14172098520427 91.40316870999521 -44.08693221179738 -18.17150412624933 89.4009340801615 -76.05207339634772 -68.57198753185003
