-84.15551904320384 14.515189027642123 13.346206890982188 -75.7816604373447 78.40052178278913 -96.47099070858694 -53.78389714575298 8.298639980199752 0.04146317350604534 53.51302773810005
-54.61103912540677 72.56648119000369 53.68845637658893 72.74497608227125 -23.958542708824965 -74.90078134693903 -59.953061555712786 -88.13877257665621 46.05699595104355 60.804281720343454
12.312560450352379 0.6425925717757082 57.510193847068905 80.47824802224775 -13.862150236587539 62.30946472930023 97.73696145264142 -95.40170546289669 94.69193620891633 57.06140853253547
20.216298412577288 -84.9434314023602 -37.297993364265466 52.04626382198046 -63.22919592329133 -49.19596626640226 3.8411411309193966 -50.25919868339634 -28.113472018846437 21.697025601359925
75.84885528860372 -54.10287123760498 -26.924871075210717 77.75557824132304 18.76047406182191 55.422116496058095 -87.2701593946284 20.518386060665094 98.5768775810229 -47.58071238754835
40.2597698831122 49.24652450312098 69.42888397524223 -94.35733107833497 -40.83612239189858 43.58585815060309 45.702580328341185 8.58475016834528 84.22180608027338 8.632308364005127
-18.439239251668596 -45.849045219982855 60.20325677697204 63.85331220892249 -23.09787067729414 -72.64278006918678 -98.2124908911377 46.50285019273488 -10.296305425292829 -58.21849575846383
-44.14040425448646 -38.43870047630862 -92.40511437636827 69.41783603968713 -36.20687386224777 63.31407034317763 37.46531215076155 -9.042341513710042 66.70308032487432 74.41672400385607
49.283940311432474 -65.13822062219123 -91.22290117861883 -8.326236878180111 -90.01276524896782 87.82325690465873 53.198153304912836 -93.9770689064218 11.248072657575875 80.0159214089642
10.153376100539589 -82.58703687308767 -31.27905531490049 29.805646017915734 -64.66948330870648 5.197119673715406 53.20847157068485 -5.39488259634966 72.91586723480788 78.09471375998996
