1348905.8257936044 484912.9559496899 925878.4880588364 -628334.961461551 -299258.0259042768 453215.3267135158 1266892.8922547142 -537325.9853219591 -555048.1871265671 1238231.87246071
1452077.0716529363 55920.126505430926 -760104.5444808832 44858.93810031198 -1548450.1407740728 -241414.27690365288 550104.665037877 -502099.11055698415 -472070.3310406583 1118226.0507302869
188895.1183572092 -657172.9129684106 -795380.0825717803 381321.82918610924 -582769.4695480575 -862522.2135647695 2084.8894109590037 -208828.8540425425 758359.5518230059 -519914.65480962506
-609688.491342522 -573239.5163516889 -401920.72463545925 194246.8766502936 -280736.449551775 -193099.24360812682 -488179.81409686187 -31469.498925490203 -184538.8326146915 542333.9573385766
-562599.5249001682 725695.6082296299 -683485.3790317775 -598284.6239903232 -336821.098834685 -102102.16217645293 -190707.45836093908 1729423.109422312 -5869.134541442625 -429869.2641159658
656069.6416418036 -307190.38388834376 52570.14967907102 689569.2673494044 599208.5905083499 -616632.7279246965 587489.1270334756 -223420.8547208291 990183.4790635934 -1010759.0944232965
580039.5459685177 511273.05005633336 -258745.3001404542 -581254.8148836027 -67670.47010345635 571703.0361300666 201778.05526476642 167760.9512340104 -1558074.6179757325 902016.7244551573
-498589.6947217954 357805.1911892365 -662976.8571608593 -167665.66170644603 -814239.0018352247 -477170.17377495737 -558119.6216585231 278654.3742580075 828806.044809689 -614607.9198334179
-1408663.3058761586 -726042.0430331987 -407090.94480502553 795476.4339943193 -175864.9699313171 -793344.3536710333 -947905.6379872033 -114052.00944337227 1779704.1741488802 -594274.7318112341
-233029.09835345688 -199452.45169872302 -423786.1663751964 -21951.79869910631 -291910.09290376154 -535295.9767474213 -122028.86779537925 52576.16858842002 663922.3021094896 -365285.88185578724
